mic_f=[10 20 30 40   50   60 70 80 90 100 200 300 400 500 600 700 800 900 1000 2000 3000 4000 5000 6000 7000 8000 9000 10000 12000 14000 16000 18000 22000];
% in dB
mic_a=[-4 -3 -1 -0.5 -0.25 0 0  0  0  0   0   0   0   0   0   0   0   0   0    0.5  0.8  1.25 2    2.5  3    4    4.75 5     4.75  4.5   4.25  4     3.75];